0.224146 -0.064011 0.062250 0.164179 -0.016243 0.166859 0.019851 0.129969 0.056311 0.096000 0.056349 0.057033 0.020771 0.056111 -0.014750 0.089983 -0.049066 0.126104 -0.050952
-0.064011 0.386308 -0.164025 -0.046057 0.131664 -0.050305 0.100881 -0.010913 0.062608 0.028031 0.061600 0.049248 0.092001 0.048836 0.124101 0.017313 0.156316 -0.014499 0.159000
0.062250 -0.164025 0.172499 0.069439 -0.024423 0.072965 0.026231 0.018176 0.078661 -0.033965 0.079787 -0.076021 0.031224 -0.076338 -0.018466 -0.028818 -0.067032 0.019467 -0.069975
0.164179 -0.046057 0.069439 0.196587 -0.026232 0.194663 0.031927 0.136401 0.088770 0.082598 0.088626 0.025014 0.033931 0.023646 -0.022500 0.077710 -0.077659 0.134518 -0.080707
-0.016243 0.131664 -0.024423 -0.026232 0.127174 -0.026820 0.104811 -0.006062 0.083826 0.012167 0.083459 0.027860 0.100098 0.028287 0.119721 0.009801 0.138924 -0.007589 0.140835
0.166859 -0.050305 0.072965 0.194663 -0.026820 0.199742 0.032411 0.136883 0.090244 0.081515 0.090407 0.023763 0.034461 0.022549 -0.022719 0.077224 -0.078352 0.134544 -0.081624
0.019851 0.100881 0.026231 0.031927 0.104811 0.032411 0.132034 0.009299 0.150042 -0.011083 0.149611 -0.035879 0.126363 -0.036507 0.103304 -0.015069 0.081418 0.007252 0.080816
0.129969 -0.010913 0.018176 0.136401 -0.006062 0.136883 0.009299 0.124685 0.024781 0.107284 0.024840 0.087590 0.007331 0.087314 -0.007776 0.101746 -0.022073 0.118409 -0.022555
0.056311 0.062608 0.078661 0.088770 0.083826 0.090244 0.150042 0.024781 0.217997 -0.035405 0.214452 -0.099059 0.154181 -0.100391 0.088776 -0.038905 0.025902 0.023312 0.022823
0.096000 0.028031 -0.033965 0.082598 0.012167 0.081515 -0.011083 0.107284 -0.035405 0.138139 -0.038783 0.146075 -0.014898 0.145089 0.007403 0.123580 0.029573 0.103140 0.030973
0.056349 0.061600 0.079787 0.088626 0.083459 0.090407 0.149611 0.024840 0.214452 -0.038783 0.222507 -0.098009 0.152344 -0.098919 0.087755 -0.038199 0.025706 0.023536 0.022742
0.057033 0.049248 -0.076021 0.025014 0.027860 0.023763 -0.035879 0.087590 -0.099059 0.146075 -0.098009 0.219249 -0.036823 0.213710 0.025136 0.153207 0.086087 0.089923 0.088525
0.020771 0.092001 0.031224 0.033931 0.100098 0.034461 0.126363 0.007331 0.154181 -0.014898 0.152344 -0.036823 0.137855 -0.039187 0.106206 -0.013121 0.078845 0.010046 0.077544
0.056111 0.048836 -0.076338 0.023646 0.028287 0.022549 -0.036507 0.087314 -0.100391 0.145089 -0.098919 0.213710 -0.039187 0.221374 0.025519 0.155463 0.087892 0.090160 0.090833
-0.014750 0.124101 -0.018466 -0.022500 0.119721 -0.022719 0.103304 -0.007776 0.088776 0.007403 0.087755 0.025136 0.106206 0.025519 0.126227 0.010140 0.137165 -0.004884 0.136739
0.089983 0.017313 -0.028818 0.077710 0.009801 0.077224 -0.015069 0.101746 -0.038905 0.123580 -0.038199 0.153207 -0.013121 0.155463 0.010140 0.136377 0.033428 0.106629 0.035661
-0.049066 0.156316 -0.067032 -0.077659 0.138924 -0.078352 0.081418 -0.022073 0.025902 0.029573 0.025706 0.086087 0.078845 0.087892 0.137165 0.033428 0.197132 -0.020783 0.193811
0.126104 -0.014499 0.019467 0.134518 -0.007589 0.134544 0.007252 0.118409 0.023312 0.103140 0.023536 0.089923 0.010046 0.090160 -0.004884 0.106629 -0.020783 0.125368 -0.021501
-0.050952 0.159000 -0.069975 -0.080707 0.140835 -0.081624 0.080816 -0.022555 0.022823 0.030973 0.022742 0.088525 0.077544 0.090833 0.136739 0.035661 0.193811 -0.021501 0.201392
