0.277368 -0.028082 0.096894 0.159084 -0.014015 0.158274 0.019500 0.125190 0.051983 0.095980 0.053467 0.062802 0.020220 0.062503 -0.015788 0.097128 -0.050282 0.128601 -0.046755
-0.028082 0.182284 -0.026768 -0.020376 0.119446 -0.020122 0.105059 -0.005260 0.090777 0.008285 0.091404 0.023003 0.106591 0.022793 0.122290 0.007443 0.136855 -0.006885 0.133870
0.096894 -0.026768 0.122518 0.070081 -0.021303 0.068969 0.029506 0.017370 0.079144 -0.028818 0.080121 -0.078916 0.030153 -0.079404 -0.022686 -0.027641 -0.073381 0.022491 -0.070660
0.159084 -0.020376 0.070081 0.198740 -0.025666 0.193210 0.033612 0.133150 0.090765 0.079471 0.090464 0.022555 0.033923 0.022000 -0.025184 0.081351 -0.081703 0.139877 -0.081415
-0.014015 0.119446 -0.021303 -0.025666 0.124963 -0.024492 0.104045 -0.005912 0.085724 0.010559 0.085566 0.027566 0.102798 0.027225 0.120961 0.009523 0.138130 -0.007623 0.139210
0.158274 -0.020122 0.068969 0.193210 -0.024492 0.196681 0.032900 0.133878 0.089376 0.080377 0.089198 0.023679 0.033002 0.023559 -0.025083 0.081406 -0.080194 0.138520 -0.079756
0.019500 0.105059 0.029506 0.033612 0.104045 0.032900 0.131389 0.007725 0.152403 -0.014054 0.151774 -0.037456 0.128016 -0.037955 0.102906 -0.013666 0.079064 0.010468 0.079529
0.125190 -0.005260 0.017370 0.133150 -0.005912 0.133878 0.007725 0.121674 0.021909 0.106510 0.021973 0.091514 0.007951 0.090791 -0.006732 0.105188 -0.020242 0.119473 -0.019601
0.051983 0.090777 0.079144 0.090765 0.085724 0.089376 0.152403 0.021909 0.220703 -0.038382 0.216432 -0.101971 0.152187 -0.102029 0.085060 -0.036060 0.021498 0.028563 0.021668
0.095980 0.008285 -0.028818 0.079471 0.010559 0.080377 -0.014054 0.106510 -0.038382 0.131252 -0.038760 0.152279 -0.014078 0.151140 0.010204 0.126475 0.033456 0.102342 0.033683
0.053467 0.091404 0.080121 0.090464 0.085566 0.089198 0.151774 0.021973 0.216432 -0.038760 0.220041 -0.101759 0.152667 -0.101831 0.085396 -0.035758 0.021568 0.028715 0.022130
0.062802 0.023003 -0.078916 0.022555 0.027566 0.023679 -0.037456 0.091514 -0.101971 0.152279 -0.101759 0.220393 -0.038641 0.215697 0.028500 0.149182 0.091276 0.084157 0.090427
0.020220 0.106591 0.030153 0.033923 0.102798 0.033002 0.128016 0.007951 0.152187 -0.014078 0.152667 -0.038641 0.131944 -0.038284 0.104452 -0.013477 0.079347 0.010827 0.078866
0.062503 0.022793 -0.079404 0.022000 0.027225 0.023559 -0.037955 0.090791 -0.102029 0.151140 -0.101831 0.215697 -0.038284 0.221344 0.028683 0.150689 0.091683 0.084640 0.090944
-0.015788 0.122290 -0.022686 -0.025184 0.120961 -0.025083 0.102906 -0.006732 0.085060 0.010204 0.085396 0.028500 0.104452 0.028683 0.125921 0.009313 0.140646 -0.008268 0.138765
0.097128 0.007443 -0.027641 0.081351 0.009523 0.081406 -0.013666 0.105188 -0.036060 0.126475 -0.035758 0.149182 -0.013477 0.150689 0.009313 0.130767 0.032406 0.104581 0.032068
-0.050282 0.136855 -0.073381 -0.081703 0.138130 -0.080194 0.079064 -0.020242 0.021498 0.033456 0.021568 0.091276 0.079347 0.091683 0.140646 0.032406 0.203026 -0.026516 0.196027
0.128601 -0.006885 0.022491 0.139877 -0.007623 0.138520 0.010468 0.119473 0.028563 0.102342 0.028715 0.084157 0.010827 0.084640 -0.008268 0.104581 -0.026516 0.126218 -0.026520
-0.046755 0.133870 -0.070660 -0.081415 0.139210 -0.079756 0.079529 -0.019601 0.021668 0.033683 0.022130 0.090427 0.078866 0.090944 0.138765 0.032068 0.196027 -0.026520 0.202364
