0.272416 -0.025517 0.092296 0.155696 -0.012802 0.154732 0.017887 0.123743 0.047434 0.096730 0.048311 0.067010 0.017755 0.067060 -0.014366 0.098495 -0.044531 0.127846 -0.042575
-0.025517 0.180703 -0.024080 -0.018585 0.119263 -0.018199 0.106022 -0.004479 0.093186 0.007731 0.093704 0.020667 0.107269 0.020434 0.121051 0.006712 0.133844 -0.006334 0.132355
0.092296 -0.024080 0.117203 0.065080 -0.019403 0.063672 0.027714 0.015170 0.073272 -0.027578 0.073679 -0.073111 0.027090 -0.073047 -0.021254 -0.024983 -0.066961 0.021420 -0.065146
0.155696 -0.018585 0.065080 0.191783 -0.022914 0.187461 0.031874 0.131000 0.084431 0.081260 0.083896 0.029123 0.030752 0.029191 -0.024154 0.084762 -0.076225 0.138951 -0.075383
-0.012802 0.119263 -0.019403 -0.022914 0.122633 -0.022063 0.104841 -0.005216 0.088634 0.009568 0.088600 0.024928 0.104471 0.024636 0.120981 0.008376 0.136480 -0.007318 0.136746
0.154732 -0.018199 0.063672 0.187461 -0.022063 0.188837 0.031128 0.131310 0.082677 0.082192 0.082229 0.030782 0.029857 0.031106 -0.023786 0.085075 -0.074428 0.137771 -0.073555
0.017887 0.106022 0.027714 0.031874 0.104841 0.031128 0.129697 0.006980 0.150374 -0.013764 0.149719 -0.035735 0.127033 -0.035856 0.103551 -0.012598 0.081424 0.010251 0.081972
0.123743 -0.004479 0.015170 0.131000 -0.005216 0.131310 0.006980 0.119851 0.019320 0.107054 0.019265 0.094287 0.006843 0.093996 -0.005916 0.106785 -0.017782 0.119278 -0.017327
0.047434 0.093186 0.073272 0.084431 0.088634 0.082677 0.150374 0.019320 0.211991 -0.036561 0.208909 -0.094906 0.148725 -0.094488 0.086685 -0.032687 0.028324 0.027437 0.029162
0.096730 0.007731 -0.027578 0.081260 0.009568 0.082192 -0.013764 0.107054 -0.036561 0.129801 -0.036567 0.150425 -0.013202 0.149577 0.010057 0.125954 0.032139 0.102943 0.031944
0.048311 0.093704 0.073679 0.083896 0.088600 0.082229 0.149719 0.019265 0.208909 -0.036567 0.210959 -0.094431 0.148979 -0.094018 0.087002 -0.032359 0.028693 0.027418 0.029734
0.067010 0.020667 -0.073111 0.029123 0.024928 0.030782 -0.035735 0.094287 -0.094906 0.150425 -0.094431 0.211334 -0.034967 0.208249 0.026967 0.146188 0.084987 0.085852 0.083823
0.017755 0.107269 0.027090 0.030752 0.104471 0.029857 0.127033 0.006843 0.148725 -0.013202 0.148979 -0.034967 0.128977 -0.034671 0.104842 -0.011948 0.082812 0.010070 0.082863
0.067060 0.020434 -0.073047 0.029191 0.024636 0.031106 -0.035856 0.093996 -0.094488 0.149577 -0.094018 0.208249 -0.034671 0.210976 0.026946 0.146909 0.084831 0.086261 0.083737
-0.014366 0.121051 -0.021254 -0.024154 0.120981 -0.023786 0.103551 -0.005916 0.086685 0.010057 0.087002 0.026967 0.104842 0.026946 0.123976 0.008839 0.139092 -0.008098 0.138028
0.098495 0.006712 -0.024983 0.084762 0.008376 0.085075 -0.012598 0.106785 -0.032687 0.125954 -0.032359 0.146188 -0.011948 0.146909 0.008839 0.127207 0.029198 0.104990 0.028794
-0.044531 0.133844 -0.066961 -0.076225 0.136480 -0.074428 0.081424 -0.017782 0.028324 0.032139 0.028693 0.084987 0.082812 0.084831 0.139092 0.029198 0.194016 -0.025275 0.190194
0.127846 -0.006334 0.021420 0.138951 -0.007318 0.137771 0.010251 0.119278 0.027437 0.102943 0.027418 0.085852 0.010070 0.086261 -0.008098 0.104990 -0.025275 0.124129 -0.025096
-0.042575 0.132355 -0.065146 -0.075383 0.136746 -0.073555 0.081972 -0.017327 0.029162 0.031944 0.029734 0.083823 0.082863 0.083737 0.138028 0.028794 0.190194 -0.025096 0.192308
