0.224103 -0.064391 0.062320 0.159401 -0.015249 0.161362 0.017860 0.127425 0.051627 0.096465 0.051404 0.061964 0.019585 0.061557 -0.013566 0.093307 -0.045462 0.125954 -0.046839
-0.064391 0.362845 -0.152199 -0.037441 0.127202 -0.039733 0.102540 -0.009036 0.072281 0.020676 0.071833 0.041040 0.097126 0.040359 0.123477 0.014417 0.149630 -0.011725 0.150980
0.062320 -0.152199 0.164777 0.060474 -0.020683 0.062445 0.022990 0.015555 0.068746 -0.028309 0.069080 -0.067653 0.026968 -0.067476 -0.016907 -0.025218 -0.059578 0.017339 -0.061434
0.159401 -0.037441 0.060474 0.184842 -0.022850 0.182928 0.027153 0.132165 0.077167 0.085990 0.076664 0.036265 0.029993 0.035680 -0.019843 0.083804 -0.068402 0.133047 -0.070406
-0.015249 0.127202 -0.020683 -0.022850 0.123892 -0.023209 0.105393 -0.005739 0.087818 0.009726 0.087687 0.025092 0.102987 0.025117 0.120083 0.008956 0.136649 -0.006612 0.137615
0.161362 -0.039733 0.062445 0.182928 -0.023209 0.186065 0.027314 0.132873 0.078060 0.085717 0.077692 0.035692 0.030101 0.035282 -0.020044 0.083460 -0.068558 0.132675 -0.070697
0.017860 0.102540 0.022990 0.027153 0.105393 0.027314 0.127889 0.007523 0.145262 -0.010153 0.144765 -0.031064 0.125640 -0.031508 0.105420 -0.012497 0.086202 0.006765 0.085564
0.127425 -0.009036 0.015555 0.132165 -0.005739 0.132873 0.007523 0.121611 0.020589 0.107723 0.020603 0.092582 0.006935 0.092322 -0.006187 0.104794 -0.018524 0.118163 -0.018987
0.051627 0.072281 0.068746 0.077167 0.087818 0.078060 0.145262 0.020589 0.204053 -0.031370 0.201529 -0.087622 0.148978 -0.088093 0.091681 -0.033586 0.036572 0.021088 0.034402
0.096465 0.020676 -0.028309 0.085990 0.009726 0.085717 -0.010153 0.107723 -0.031370 0.132308 -0.033318 0.143868 -0.012605 0.143051 0.007214 0.123760 0.026787 0.104867 0.027605
0.051404 0.071833 0.069080 0.076664 0.087687 0.077692 0.144765 0.020603 0.201529 -0.033318 0.205829 -0.086497 0.147832 -0.086775 0.091240 -0.032960 0.036855 0.021131 0.034738
0.061964 0.041040 -0.067653 0.036265 0.025092 0.035692 -0.031064 0.092582 -0.087622 0.143868 -0.086497 0.204727 -0.033836 0.201998 0.022151 0.147648 0.076591 0.092372 0.078556
0.019585 0.097126 0.026968 0.029993 0.102987 0.030101 0.125640 0.006935 0.148978 -0.012605 0.147832 -0.033836 0.131479 -0.034699 0.106261 -0.012422 0.083314 0.008660 0.082500
0.061557 0.040359 -0.067476 0.035680 0.025117 0.035282 -0.031508 0.092322 -0.088093 0.143051 -0.086775 0.201998 -0.034699 0.205671 0.022533 0.148860 0.077355 0.092653 0.079526
-0.013566 0.123477 -0.016907 -0.019843 0.120083 -0.020044 0.105420 -0.006187 0.091681 0.007214 0.091240 0.022151 0.106261 0.022533 0.122623 0.008499 0.134207 -0.005163 0.134330
0.093307 0.014417 -0.025218 0.083804 0.008956 0.083460 -0.012497 0.104794 -0.033586 0.123760 -0.032960 0.147648 -0.012422 0.148860 0.008499 0.130285 0.029148 0.106861 0.030409
-0.045462 0.149630 -0.059578 -0.068402 0.136649 -0.068558 0.086202 -0.018524 0.036572 0.026787 0.036855 0.076591 0.083314 0.077355 0.134207 0.029148 0.185119 -0.019035 0.184459
0.125954 -0.011725 0.017339 0.133047 -0.006612 0.132675 0.006765 0.118163 0.021088 0.104867 0.021131 0.092372 0.008660 0.092653 -0.005163 0.106861 -0.019035 0.122015 -0.019551
-0.046839 0.150980 -0.061434 -0.070406 0.137615 -0.070697 0.085564 -0.018987 0.034402 0.027605 0.034738 0.078556 0.082500 0.079526 0.134330 0.030409 0.184459 -0.019551 0.188599
